0 1 1 130 250 10 0.0666667
1 1 1 136.667 250 10 0.0666667
2 1 1 143.333 250 10 0.0666667
3 1 1 150 250 10 0.0666667
4 1 1 156.667 250 10 0.0666667
5 1 1 163.333 250 10 0.0666667
6 1 1 170 250 10 0.0666667
7 1 1 176.667 250 10 0.0666667
8 1 1 183.333 250 10 0.0666667
9 1 1 190 250 10 0.0666667
10 1 1 196.667 250 10 0.0666667
11 1 1 203.333 250 10 0.0666667
12 1 1 210 250 10 0.0666667
13 1 1 216.667 250 10 0.0666667
14 1 1 223.333 250 10 0.0666667
15 1 1 230 250 10 0.0666667
16 1 1 236.667 250 10 0.0666667
17 1 1 243.333 250 10 0.0666667
18 1 1 250 250 10 0.0666667
19 1 1 256.667 250 10 0.0666667
20 1 1 263.333 250 10 0.0666667
21 1 1 270 250 10 0.0666667
22 1 1 276.667 250 10 0.0666667
23 1 1 283.333 250 10 0.0666667
24 1 1 290 250 10 0.0666667
25 1 1 296.667 250 10 0.0666667
26 1 1 303.333 250 10 0.0666667
27 1 1 310 250 10 0.0666667
28 1 1 316.667 250 10 0.0666667
29 1 1 323.333 250 10 0.0666667
30 1 1 330 250 10 0.0666667
31 1 1 336.667 250 10 0.0666667
32 1 1 343.333 250 10 0.0666667
33 1 1 350 250 10 0.0666667
34 1 1 356.667 250 10 0.0666667
35 1 1 363.333 250 10 0.0666667
36 1 1 370 250 10 0.0666667
37 1 1 376.667 250 10 0.0666667
38 1 1 383.333 250 10 0.0666667
39 1 1 390 250 10 0.0666667
40 1 1 396.667 250 10 0.0666667
41 1 1 403.333 250 10 0.0666667
42 1 1 410 250 10 0.0666667
43 1 1 416.667 250 10 0.0666667
44 1 1 423.333 250 10 0.0666667
45 1 1 430 250 10 0.0666667
46 1 1 436.667 250 10 0.0666667
47 1 1 443.333 250 10 0.0666667
48 1 1 450 250 10 0.0666667
49 1 1 456.667 250 10 0.0666667
50 1 1 463.333 250 10 0.0666667
51 1 1 470 250 10 0.0666667
52 1 1 476.667 250 10 0.0666667
53 1 1 483.333 250 10 0.0666667
54 1 1 490 250 10 0.0666667
55 1 1 496.667 250 10 0.0666667
56 1 1 503.333 250 10 0.0666667
57 1 1 510 250 10 0.0666667
58 1 1 516.667 250 10 0.0666667
59 1 1 523.333 250 10 0.0666667
60 1 1 530 250 10 0.0666667
61 1 1 536.667 250 10 0.0666667
62 1 1 543.333 250 10 0.0666667
63 1 1 550 250 10 0.0666667
64 1 1 556.667 250 10 0.0666667
65 1 1 563.333 250 10 0.0666667
66 1 1 570 250 10 0.0666667
67 1 1 576.667 250 10 0.0666667
68 1 1 583.333 250 10 0.0666667
69 1 1 590 250 10 0.0666667
70 1 1 596.667 250 10 0.0666667
71 1 1 603.333 250 10 0.0666667
72 1 1 610 250 10 0.0666667
73 1 1 616.667 250 10 0.0666667
74 1 1 623.333 250 10 0.0666667
75 1 1 630 250 10 0.0666667
76 1 1 636.667 250 10 0.0666667
77 1 1 643.333 250 10 0.0666667
78 1 1 650 250 10 0.0666667
79 1 1 656.667 250 10 0.0666667
80 1 1 663.333 250 10 0.0666667
81 1 1 670 250 10 0.0666667
82 1 1 676.667 250 10 0.0666667
83 1 1 683.333 250 10 0.0666667
84 1 1 690 250 10 0.0666667
85 1 1 696.667 250 10 0.0666667
86 1 1 703.333 250 10 0.0666667
87 1 1 710 250 10 0.0666667
88 1 1 716.667 250 10 0.0666667
89 1 1 723.333 250 10 0.0666667
90 1 1 730 250 10 0.0666667
91 1 1 736.667 250 10 0.0666667
92 1 1 743.333 250 10 0.0666667
93 1 1 750 250 10 0.0666667
94 1 1 756.667 250 10 0.0666667
95 1 1 763.333 250 10 0.0666667
96 1 1 770 250 10 0.0666667
97 1 1 776.667 250 10 0.0666667
98 1 1 783.333 250 10 0.0666667
99 1 1 790 250 10 0.0666667
100 1 1 796.667 250 10 0.0666667
101 1 1 803.333 250 10 0.00222222
102 1 1 803.556 250 10 0.00237037
103 1 1 803.793 250 10 0.0025284
104 1 1 804.045 250 10 0.00269695
105 1 1 804.315 250 10 0.00287675
106 1 1 804.603 250 10 0.00306854
107 1 1 804.91 250 10 0.0032731
108 1 1 805.237 250 10 0.00349131
109 1 1 805.586 250 10 0.00372407
110 1 1 805.959 250 10 0.00397234
111 1 1 806.356 250 10 0.00423716
112 1 1 806.779 250 10 0.00451964
113 1 1 807.231 250 10 0.00482094
114 1 1 807.714 250 10 0.00514234
115 1 1 808.228 250 10 0.00548516
116 1 1 808.776 250 10 0.00585084
117 1 1 809.361 250 10 0.0062409
118 1 1 809.985 250 10 0.00665696
119 1 1 810.651 250 10 0.00710075
120 1 1 811.361 250 10 0.00757414
121 1 1 812.119 250 10 0.00807908
122 1 1 812.927 250 10 0.00861769
123 1 1 813.788 250 10 0.0091922
124 1 1 814.708 250 10 0.00980501
125 1 1 815.688 250 10 0.0104587
126 1 1 816.734 250 10 0.0111559
127 1 1 817.849 250 10 0.0118997
128 1 1 819.039 250 10 0.012693
129 1 1 820.309 250 10 0.0135392
130 1 1 821.663 250 10 0.0144418
131 1 1 823.107 250 10 0.0154046
132 1 1 824.647 250 10 0.0164315
133 1 1 826.29 250 10 0.017527
134 1 1 828.043 250 10 0.0186954
135 1 1 829.913 250 10 0.0199418
136 1 1 831.907 250 10 0.0212712
137 1 1 834.034 250 10 0.0226893
138 1 1 836.303 250 10 0.0242019
139 1 1 838.723 250 10 0.0258154
140 1 1 841.305 250 10 0.0275364
141 1 1 844.058 250 10 0.0293722
142 1 1 846.996 250 10 0.0313303
143 1 1 850.129 250 10 0.033419
144 1 1 853.47 250 10 0.035647
145 1 1 857.035 250 10 0.0380234
146 1 1 860.837 250 10 0.0405583
147 1 1 864.893 250 10 0.0432622
148 1 1 869.22 250 10 0.0461464
149 1 1 873.834 250 10 0.0492228
150 1 1 878.756 250 10 0.0525043
151 1 1 884.007 250 10 0.0560046
152 1 1 889.607 250 10 0.0597382
153 1 1 895.581 250 10 0.0637208
154 1 1 901.953 250 10 0.0666667
155 1 1 908.62 250 10 0.0666667
156 1 1 915.287 250 10 0.0666667
157 1 1 921.953 250 10 0.0666667
158 1 1 928.62 250 10 0.0666667
159 1 1 935.287 250 10 0.0666667
160 1 1 941.953 250 10 0.0666667
161 1 1 948.62 250 10 0.0666667
162 1 1 955.287 250 10 0.0666667
163 1 1 961.953 250 10 0.0666667
164 1 1 968.62 250 10 0.0666667
165 1 1 975.287 250 10 0.0666667
166 1 1 981.953 250 10 0.0666667
167 1 1 988.62 250 10 0.0666667
168 1 1 995.287 250 10 0.0666667
-1 169 1 1 11 0 0
0 1 5 530 150 50 0.0666667
1 1 5 536.667 150 50 0.0666667
2 1 5 543.333 150 50 0.0666667
3 1 5 550 150 50 0.0666667
4 1 5 556.667 150 50 0.0666667
5 1 5 563.333 150 50 0.0666667
6 1 5 570 150 50 0.0666667
7 1 5 576.667 150 50 0.0666667
8 1 5 583.333 150 50 0.0666667
9 1 5 590 150 50 0.0666667
10 1 5 596.667 150 50 0.0666667
11 1 5 603.333 150 50 0.0666667
12 1 5 610 150 50 0.0666667
13 1 5 616.667 150 50 0.0666667
14 1 5 623.333 150 50 0.0666667
15 1 5 630 150 50 0.0666667
16 1 5 636.667 150 50 0.0666667
17 1 5 643.333 150 50 0.0666667
18 1 5 650 150 50 0.0666667
19 1 5 656.667 150 50 0.0666667
20 1 5 663.333 150 50 0.0666667
21 1 5 670 150 50 0.0666667
22 1 5 676.667 150 50 0.0666667
23 1 5 683.333 150 50 0.0666667
24 1 5 690 150 50 0.0666667
25 1 5 696.667 150 50 0.0666667
26 1 5 703.333 150 50 0.0666667
27 1 5 710 150 50 0.0666667
28 1 5 716.667 150 50 0.0666667
29 1 5 723.333 150 50 0.0666667
30 1 5 730 150 50 0.0666667
31 1 5 736.667 150 50 0.0666667
32 1 5 743.333 150 50 0.0666667
33 1 5 750 150 50 0.0666667
34 1 5 756.667 150 50 0.0666667
35 1 5 763.333 150 50 0.0666667
36 1 5 770 150 50 0.0666667
37 1 5 776.667 150 50 0.0666667
38 1 5 783.333 150 50 0.0666667
39 1 5 790 150 50 0.0666667
40 1 5 796.667 150 50 0.0666667
41 1 5 803.333 150 50 0.00222222
42 1 5 803.556 150 50 0.00237037
43 1 5 803.793 150 50 0.0025284
44 1 5 804.045 150 50 0.00269695
45 1 5 804.315 150 50 0.00287675
46 1 5 804.603 150 50 0.00306854
47 1 5 804.91 150 50 0.0032731
48 1 5 805.237 150 50 0.00349131
49 1 5 805.586 150 50 0.00372407
50 1 5 805.959 150 50 0.00397234
51 1 5 806.356 150 50 0.00423716
52 1 5 806.779 150 50 0.00451964
53 1 5 807.231 150 50 0.00482094
54 1 5 807.714 150 50 0.00514234
55 1 5 808.228 150 50 0.00548516
56 1 5 808.776 150 50 0.00585084
57 1 5 809.361 150 50 0.0062409
58 1 5 809.985 150 50 0.00665696
59 1 5 810.651 150 50 0.00710075
60 1 5 811.361 150 50 0.00757414
61 1 5 812.119 150 50 0.00807908
62 1 5 812.927 150 50 0.00861769
63 1 5 813.788 150 50 0.0091922
64 1 5 814.708 150 50 0.00980501
65 1 5 815.688 150 50 0.0104587
66 1 5 816.734 150 50 0.0111559
67 1 5 817.849 150 50 0.0118997
68 1 5 819.039 150 50 0.012693
69 1 5 820.309 150 50 0.0135392
70 1 5 821.663 150 50 0.0144418
71 1 5 823.107 150 50 0.0154046
72 1 5 824.647 150 50 0.0164315
73 1 5 826.29 150 50 0.017527
74 1 5 828.043 150 50 0.0186954
75 1 5 829.913 150 50 0.0199418
76 1 5 831.907 150 50 0.0212712
77 1 5 834.034 150 50 0.0226893
78 1 5 836.303 150 50 0.0242019
79 1 5 838.723 150 50 0.0258154
80 1 5 841.305 150 50 0.0275364
81 1 5 844.058 150 50 0.0293722
82 1 5 846.996 150 50 0.0313303
83 1 5 850.129 150 50 0.033419
84 1 5 853.47 150 50 0.035647
85 1 5 857.035 150 50 0.0380234
86 1 5 860.837 150 50 0.0405583
87 1 5 864.893 150 50 0.0432622
88 1 5 869.22 150 50 0.0461464
89 1 5 873.834 150 50 0.0492228
90 1 5 878.756 150 50 0.0525043
91 1 5 884.007 150 50 0.0560046
92 1 5 889.607 150 50 0.0597382
93 1 5 895.581 150 50 0.0637208
94 1 5 901.953 150 50 0.0666667
95 1 5 908.62 150 50 0.0666667
96 1 5 915.287 150 50 0.0666667
97 1 5 921.953 150 50 0.0666667
98 1 5 928.62 150 50 0.0666667
99 1 5 935.287 150 50 0.0666667
100 1 5 941.953 150 50 0.0666667
101 1 5 948.62 150 50 0.0666667
102 1 5 955.287 150 50 0.0666667
103 1 5 961.953 150 50 0.0666667
104 1 5 968.62 150 50 0.0666667
105 1 5 975.287 150 50 0.0666667
106 1 5 981.953 150 50 0.0666667
107 1 5 988.62 150 50 0.0666667
108 1 5 995.287 150 50 0.0666667
-1 109 1 5 11 0 0
