0 1 2 130 550 30 0.0666667
1 1 2 136.667 550 30 0.0666667
2 1 2 143.333 550 30 0.0666667
3 1 2 150 550 30 0.0666667
4 1 2 156.667 550 30 0.0666667
5 1 2 163.333 550 30 0.0666667
6 1 2 170 550 30 0.0666667
7 1 2 176.667 550 30 0.0666667
8 1 2 183.333 550 30 0.0666667
9 1 2 190 550 30 0.0666667
10 1 2 196.667 550 30 0.0666667
11 1 2 203.333 550 30 0.0666667
12 1 2 210 550 30 0.0666667
13 1 2 216.667 550 30 0.0666667
14 1 2 223.333 550 30 0.0666667
15 1 2 230 550 30 0.0666667
16 1 2 236.667 550 30 0.0666667
17 1 2 243.333 550 30 0.0666667
18 1 2 250 550 30 0.0666667
19 1 2 256.667 550 30 0.0666667
20 1 2 263.333 550 30 0.0666667
21 1 2 270 550 30 0.0666667
22 1 2 276.667 550 30 0.0666667
23 1 2 283.333 550 30 0.0666667
24 1 2 290 550 30 0.0666667
25 1 2 296.667 550 30 0.0666667
26 1 2 303.333 550 30 0.0666667
27 1 2 310 550 30 0.0666667
28 1 2 316.667 550 30 0.0666667
29 1 2 323.333 550 30 0.0666667
30 1 2 330 550 30 0.0666667
31 1 2 336.667 550 30 0.0666667
32 1 2 343.333 550 30 0.0666667
33 1 2 350 550 30 0.0666667
34 1 2 356.667 550 30 0.0666667
35 1 2 363.333 550 30 0.0666667
36 1 2 370 550 30 0.0666667
37 1 2 376.667 550 30 0.0666667
38 1 2 383.333 550 30 0.0666667
39 1 2 390 550 30 0.0666667
40 1 2 396.667 550 30 0.0666667
41 1 2 403.333 550 30 0.0666667
42 1 2 410 550 30 0.0666667
43 1 2 416.667 550 30 0.0666667
44 1 2 423.333 550 30 0.0666667
45 1 2 430 550 30 0.0666667
46 1 2 436.667 550 30 0.0666667
47 1 2 443.333 550 30 0.0666667
48 1 2 450 550 30 0.0666667
49 1 2 456.667 550 30 0.0666667
50 1 2 463.333 550 30 0.0666667
51 1 2 470 550 30 0.0666667
52 1 2 476.667 550 30 0.0666667
53 1 2 483.333 550 30 0.0666667
54 1 2 490 550 30 0.0666667
55 1 2 496.667 550 30 0.0666667
56 1 2 503.333 550 30 0.0666667
57 1 2 510 550 30 0.0666667
58 1 2 516.667 550 30 0.0666667
59 1 2 523.333 550 30 0.0666667
60 1 2 530 550 30 0.0666667
61 1 2 536.667 550 30 0.0666667
62 1 2 543.333 550 30 0.0666667
63 1 2 550 550 30 0.0666667
64 1 2 556.667 550 30 0.0666667
65 1 2 563.333 550 30 0.0666667
66 1 2 570 550 30 0.0666667
67 1 2 576.667 550 30 0.0666667
68 1 2 583.333 550 30 0.0666667
69 1 2 590 550 30 0.0666667
70 1 2 596.667 550 30 0.0666667
71 1 2 603.333 550 30 0.00222222
72 1 2 603.556 550 30 0.00237037
73 1 2 603.793 550 30 0.0025284
74 1 2 604.045 550 30 0.00269695
75 1 2 604.315 550 30 0.00287675
76 1 2 604.603 550 30 0.00306854
77 1 2 604.91 550 30 0.0032731
78 1 2 605.237 550 30 0.00349131
79 1 2 605.586 550 30 0.00372407
80 1 2 605.959 550 30 0.00397234
81 1 2 606.356 550 30 0.00423716
82 1 2 606.779 550 30 0.00451964
83 1 2 607.231 550 30 0.00482094
84 1 2 607.714 550 30 0.00514234
85 1 2 608.228 550 30 0.00548516
86 1 2 608.776 550 30 0.00585084
87 1 2 609.361 550 30 0.0062409
88 1 2 609.985 550 30 0.00665696
89 1 2 610.651 550 30 0.00710075
90 1 2 611.361 550 30 0.00757414
91 1 2 612.119 550 30 0.00807908
92 1 2 612.927 550 30 0.00861769
93 1 2 613.788 550 30 0.0091922
94 1 2 614.708 550 30 0.00980501
95 1 2 615.688 550 30 0.0104587
96 1 2 616.734 550 30 0.0111559
97 1 2 617.849 550 30 0.0118997
98 1 2 619.039 550 30 0.012693
99 1 2 620.309 550 30 0.0135392
100 1 2 621.663 550 30 0.0144418
101 1 2 623.107 550 30 0.0154046
102 1 2 624.647 550 30 0.0164315
103 1 2 626.29 550 30 0.017527
104 1 2 628.043 550 30 0.0186954
105 1 2 629.913 550 30 0.0199418
106 1 2 631.907 550 30 0.0212712
107 1 2 634.034 550 30 0.0226893
108 1 2 636.303 550 30 0.0242019
109 1 2 638.723 550 30 0.0258154
110 1 2 641.305 550 30 0.0275364
111 1 2 644.058 550 30 0.0293722
112 1 2 646.996 550 30 0.0313303
113 1 2 650.129 550 30 0.033419
114 1 2 653.47 550 30 0.035647
115 1 2 657.035 550 30 0.0380234
116 1 2 660.837 550 30 0.0405583
117 1 2 664.893 550 30 0.0432622
118 1 2 669.22 550 30 0.0461464
119 1 2 673.834 550 30 0.0492228
120 1 2 678.756 550 30 0.0525043
121 1 2 684.007 550 30 0.0560046
122 1 2 689.607 550 30 0.0597382
123 1 2 695.581 550 30 0.0637208
124 1 2 701.953 550 30 0.0666667
125 1 2 708.62 550 30 0.0666667
126 1 2 715.287 550 30 0.0666667
127 1 2 721.953 550 30 0.0666667
128 1 2 728.62 550 30 0.0666667
129 1 2 735.287 550 30 0.0666667
130 1 2 741.953 550 30 0.0666667
131 1 2 748.62 550 30 0.0666667
132 1 2 755.287 550 30 0.0666667
133 1 2 761.953 550 30 0.0666667
134 1 2 768.62 550 30 0.0666667
135 1 2 775.287 550 30 0.0666667
136 1 2 781.953 550 30 0.0666667
137 1 2 788.62 550 30 0.0666667
138 1 2 795.287 550 30 0.0666667
139 1 2 801.953 550 30 0.0666667
140 1 2 808.62 550 30 0.0666667
141 1 2 815.287 550 30 0.0666667
142 1 2 821.953 550 30 0.0666667
143 1 2 828.62 550 30 0.0666667
144 1 2 835.287 550 30 0.0666667
145 1 2 841.953 550 30 0.0666667
146 1 2 848.62 550 30 0.0666667
147 1 2 855.287 550 30 0.0666667
148 1 2 861.953 550 30 0.0666667
149 1 2 868.62 550 30 0.0666667
150 1 2 875.287 550 30 0.0666667
151 1 2 881.953 550 30 0.0666667
152 1 2 888.62 550 30 0.0666667
153 1 2 895.287 550 30 0.0666667
154 1 2 901.953 550 30 0.0666667
155 1 2 908.62 550 30 0.0666667
156 1 2 915.287 550 30 0.0666667
157 1 2 921.953 550 30 0.0666667
158 1 2 928.62 550 30 0.0666667
159 1 2 935.287 550 30 0.0666667
160 1 2 941.953 550 30 0.0666667
161 1 2 948.62 550 30 0.0666667
162 1 2 955.287 550 30 0.0666667
163 1 2 961.953 550 30 0.0666667
164 1 2 968.62 550 30 0.0666667
165 1 2 975.287 550 30 0.0666667
166 1 2 981.953 550 30 0.0666667
167 1 2 988.62 550 30 0.0666667
168 1 2 995.287 550 30 0.0666667
-1 169 1 2 11 0 0
