0 1 3 130 730 50 0.0666667
1 1 3 136.667 730 50 0.0666667
2 1 3 143.333 730 50 0.0666667
3 1 3 150 730 50 0.0666667
4 1 3 156.667 730 50 0.0666667
5 1 3 163.333 730 50 0.0666667
6 1 3 170 730 50 0.0666667
7 1 3 176.667 730 50 0.0666667
8 1 3 183.333 730 50 0.0666667
9 1 3 190 730 50 0.0666667
10 1 3 196.667 730 50 0.0666667
11 1 3 203.333 730 50 0.0666667
12 1 3 210 730 50 0.0666667
13 1 3 216.667 730 50 0.0666667
14 1 3 223.333 730 50 0.0666667
15 1 3 230 730 50 0.0666667
16 1 3 236.667 730 50 0.0666667
17 1 3 243.333 730 50 0.0666667
18 1 3 250 730 50 0.0666667
19 1 3 256.667 730 50 0.0666667
20 1 3 263.333 730 50 0.0666667
21 1 3 270 730 50 0.0666667
22 1 3 276.667 730 50 0.0666667
23 1 3 283.333 730 50 0.0666667
24 1 3 290 730 50 0.0666667
25 1 3 296.667 730 50 0.0666667
26 1 3 303.333 730 50 0.0666667
27 1 3 310 730 50 0.0666667
28 1 3 316.667 730 50 0.0666667
29 1 3 323.333 730 50 0.0666667
30 1 3 330 730 50 0.0666667
31 1 3 336.667 730 50 0.0666667
32 1 3 343.333 730 50 0.0666667
33 1 3 350 730 50 0.0666667
34 1 3 356.667 730 50 0.0666667
35 1 3 363.333 730 50 0.0666667
36 1 3 370 730 50 0.0666667
37 1 3 376.667 730 50 0.0666667
38 1 3 383.333 730 50 0.0666667
39 1 3 390 730 50 0.0666667
40 1 3 396.667 730 50 0.0666667
41 1 3 403.333 730 50 0.00222222
42 1 3 403.556 730 50 0.00237037
43 1 3 403.793 730 50 0.0025284
44 1 3 404.045 730 50 0.00269695
45 1 3 404.315 730 50 0.00287675
46 1 3 404.603 730 50 0.00306854
47 1 3 404.91 730 50 0.0032731
48 1 3 405.237 730 50 0.00349131
49 1 3 405.586 730 50 0.00372407
50 1 3 405.959 730 50 0.00397234
51 1 3 406.356 730 50 0.00423716
52 1 3 406.779 730 50 0.00451964
53 1 3 407.231 730 50 0.00482094
54 1 3 407.714 730 50 0.00514234
55 1 3 408.228 730 50 0.00548516
56 1 3 408.776 730 50 0.00585084
57 1 3 409.361 730 50 0.0062409
58 1 3 409.985 730 50 0.00665696
59 1 3 410.651 730 50 0.00710075
60 1 3 411.361 730 50 0.00757414
61 1 3 412.119 730 50 0.00807908
62 1 3 412.927 730 50 0.00861769
63 1 3 413.788 730 50 0.0091922
64 1 3 414.708 730 50 0.00980501
65 1 3 415.688 730 50 0.0104587
66 1 3 416.734 730 50 0.0111559
67 1 3 417.849 730 50 0.0118997
68 1 3 419.039 730 50 0.012693
69 1 3 420.309 730 50 0.0135392
70 1 3 421.663 730 50 0.0144418
71 1 3 423.107 730 50 0.0154046
72 1 3 424.647 730 50 0.0164315
73 1 3 426.29 730 50 0.017527
74 1 3 428.043 730 50 0.0186954
75 1 3 429.913 730 50 0.0199418
76 1 3 431.907 730 50 0.0212712
77 1 3 434.034 730 50 0.0226893
78 1 3 436.303 730 50 0.0242019
79 1 3 438.723 730 50 0.0258154
80 1 3 441.305 730 50 0.0275364
81 1 3 444.058 730 50 0.0293722
82 1 3 446.996 730 50 0.0313303
83 1 3 450.129 730 50 0.033419
84 1 3 453.47 730 50 0.035647
85 1 3 457.035 730 50 0.0380234
86 1 3 460.837 730 50 0.0405583
87 1 3 464.893 730 50 0.0432622
88 1 3 469.22 730 50 0.0461464
89 1 3 473.834 730 50 0.0492228
90 1 3 478.756 730 50 0.0525043
91 1 3 484.007 730 50 0.0560046
92 1 3 489.607 730 50 0.0597382
93 1 3 495.581 730 50 0.0637208
94 1 3 501.953 730 50 0.0666667
95 1 3 508.62 730 50 0.0666667
96 1 3 515.287 730 50 0.0666667
97 1 3 521.953 730 50 0.0666667
98 1 3 528.62 730 50 0.0666667
99 1 3 535.287 730 50 0.0666667
100 1 3 541.953 730 50 0.0666667
101 1 3 548.62 730 50 0.0666667
102 1 3 555.287 730 50 0.0666667
103 1 3 561.953 730 50 0.0666667
104 1 3 568.62 730 50 0.0666667
105 1 3 575.287 730 50 0.0666667
106 1 3 581.953 730 50 0.0666667
107 1 3 588.62 730 50 0.0666667
108 1 3 595.287 730 50 0.0666667
109 1 3 601.953 730 50 0.0666667
110 1 3 608.62 730 50 0.0666667
111 1 3 615.287 730 50 0.0666667
112 1 3 621.953 730 50 0.0666667
113 1 3 628.62 730 50 0.0666667
114 1 3 635.287 730 50 0.0666667
115 1 3 641.953 730 50 0.0666667
116 1 3 648.62 730 50 0.0666667
117 1 3 655.287 730 50 0.0666667
118 1 3 661.953 730 50 0.0666667
119 1 3 668.62 730 50 0.0666667
120 1 3 675.287 730 50 0.0666667
121 1 3 681.953 730 50 0.0666667
122 1 3 688.62 730 50 0.0666667
123 1 3 695.287 730 50 0.0666667
124 1 3 701.953 730 50 0.0666667
125 1 3 708.62 730 50 0.0666667
126 1 3 715.287 730 50 0.0666667
127 1 3 721.953 730 50 0.0666667
128 1 3 728.62 730 50 0.0666667
129 1 3 735.287 730 50 0.0666667
130 1 3 741.953 730 50 0.0666667
131 1 3 748.62 730 50 0.0666667
132 1 3 755.287 730 50 0.0666667
133 1 3 761.953 730 50 0.0666667
134 1 3 768.62 730 50 0.0666667
135 1 3 775.287 730 50 0.0666667
136 1 3 781.953 730 50 0.0666667
137 1 3 788.62 730 50 0.0666667
138 1 3 795.287 730 50 0.0666667
139 1 3 801.953 730 50 0.00130217
140 1 3 802.083 730 50 0.00138898
141 1 3 802.222 730 50 0.00148158
142 1 3 802.371 730 50 0.00158035
143 1 3 802.529 730 50 0.00168571
144 1 3 802.697 730 50 0.00179809
145 1 3 802.877 730 50 0.00191796
146 1 3 803.069 730 50 0.00204583
147 1 3 803.273 730 50 0.00218221
148 1 3 803.492 730 50 0.0023277
149 1 3 803.724 730 50 0.00248288
150 1 3 803.973 730 50 0.0026484
151 1 3 804.237 730 50 0.00282496
152 1 3 804.52 730 50 0.00301329
153 1 3 804.821 730 50 0.00321418
154 1 3 805.143 730 50 0.00342846
155 1 3 805.486 730 50 0.00365702
156 1 3 805.851 730 50 0.00390082
157 1 3 806.241 730 50 0.00416088
158 1 3 806.657 730 50 0.00443827
159 1 3 807.101 730 50 0.00473415
160 1 3 807.575 730 50 0.00504976
161 1 3 808.08 730 50 0.00538641
162 1 3 808.618 730 50 0.00574551
163 1 3 809.193 730 50 0.00612854
164 1 3 809.806 730 50 0.00653711
165 1 3 810.459 730 50 0.00697292
166 1 3 811.157 730 50 0.00743778
167 1 3 811.9 730 50 0.00793363
168 1 3 812.694 730 50 0.00846254
169 1 3 813.54 730 50 0.00902671
170 1 3 814.443 730 50 0.00962849
171 1 3 815.406 730 50 0.0102704
172 1 3 816.433 730 50 0.0109551
173 1 3 817.528 730 50 0.0116854
174 1 3 818.697 730 50 0.0124644
175 1 3 819.943 730 50 0.0132954
176 1 3 821.273 730 50 0.0141818
177 1 3 822.691 730 50 0.0151272
178 1 3 824.204 730 50 0.0161357
179 1 3 825.817 730 50 0.0172114
180 1 3 827.538 730 50 0.0183588
181 1 3 829.374 730 50 0.0195828
182 1 3 831.332 730 50 0.0208883
183 1 3 833.421 730 50 0.0222808
184 1 3 835.649 730 50 0.0237662
185 1 3 838.026 730 50 0.0253506
186 1 3 840.561 730 50 0.0270407
187 1 3 843.265 730 50 0.0288434
188 1 3 846.149 730 50 0.0307663
189 1 3 849.226 730 50 0.0328174
190 1 3 852.508 730 50 0.0350052
191 1 3 856.008 730 50 0.0373389
192 1 3 859.742 730 50 0.0398281
193 1 3 863.725 730 50 0.0424834
194 1 3 867.973 730 50 0.0453156
195 1 3 872.505 730 50 0.0483366
196 1 3 877.339 730 50 0.0515591
197 1 3 882.494 730 50 0.0549963
198 1 3 887.994 730 50 0.0586627
199 1 3 893.86 730 50 0.0625736
200 1 3 900.118 730 50 0.0666667
201 1 3 906.784 730 50 0.0666667
202 1 3 913.451 730 50 0.0666667
203 1 3 920.118 730 50 0.0666667
204 1 3 926.784 730 50 0.0666667
205 1 3 933.451 730 50 0.0666667
206 1 3 940.118 730 50 0.0666667
207 1 3 946.784 730 50 0.0666667
208 1 3 953.451 730 50 0.0666667
209 1 3 960.118 730 50 0.0666667
210 1 3 966.784 730 50 0.0666667
211 1 3 973.451 730 50 0.0666667
212 1 3 980.118 730 50 0.0666667
213 1 3 986.784 730 50 0.0666667
214 1 3 993.451 730 50 0.0666667
-1 215 1 3 11 0 0
