0 1 4 330 450 30 0.0666667
1 1 4 336.667 450 30 0.0666667
2 1 4 343.333 450 30 0.0666667
3 1 4 350 450 30 0.0666667
4 1 4 356.667 450 30 0.0666667
5 1 4 363.333 450 30 0.0666667
6 1 4 370 450 30 0.0666667
7 1 4 376.667 450 30 0.0666667
8 1 4 383.333 450 30 0.0666667
9 1 4 390 450 30 0.0666667
10 1 4 396.667 450 30 0.0666667
11 1 4 403.333 450 30 0.0666667
12 1 4 410 450 30 0.0666667
13 1 4 416.667 450 30 0.0666667
14 1 4 423.333 450 30 0.0666667
15 1 4 430 450 30 0.0666667
16 1 4 436.667 450 30 0.0666667
17 1 4 443.333 450 30 0.0666667
18 1 4 450 450 30 0.0666667
19 1 4 456.667 450 30 0.0666667
20 1 4 463.333 450 30 0.0666667
21 1 4 470 450 30 0.0666667
22 1 4 476.667 450 30 0.0666667
23 1 4 483.333 450 30 0.0666667
24 1 4 490 450 30 0.0666667
25 1 4 496.667 450 30 0.0666667
26 1 4 503.333 450 30 0.0666667
27 1 4 510 450 30 0.0666667
28 1 4 516.667 450 30 0.0666667
29 1 4 523.333 450 30 0.0666667
30 1 4 530 450 30 0.0666667
31 1 4 536.667 450 30 0.0666667
32 1 4 543.333 450 30 0.0666667
33 1 4 550 450 30 0.0666667
34 1 4 556.667 450 30 0.0666667
35 1 4 563.333 450 30 0.0666667
36 1 4 570 450 30 0.0666667
37 1 4 576.667 450 30 0.0666667
38 1 4 583.333 450 30 0.0666667
39 1 4 590 450 30 0.0666667
40 1 4 596.667 450 30 0.0666667
41 1 4 603.333 450 30 0.00222222
42 1 4 603.556 450 30 0.00237037
43 1 4 603.793 450 30 0.0025284
44 1 4 604.045 450 30 0.00269695
45 1 4 604.315 450 30 0.00287675
46 1 4 604.603 450 30 0.00306854
47 1 4 604.91 450 30 0.0032731
48 1 4 605.237 450 30 0.00349131
49 1 4 605.586 450 30 0.00372407
50 1 4 605.959 450 30 0.00397234
51 1 4 606.356 450 30 0.00423716
52 1 4 606.779 450 30 0.00451964
53 1 4 607.231 450 30 0.00482094
54 1 4 607.714 450 30 0.00514234
55 1 4 608.228 450 30 0.00548516
56 1 4 608.776 450 30 0.00585084
57 1 4 609.361 450 30 0.0062409
58 1 4 609.985 450 30 0.00665696
59 1 4 610.651 450 30 0.00710075
60 1 4 611.361 450 30 0.00757414
61 1 4 612.119 450 30 0.00807908
62 1 4 612.927 450 30 0.00861769
63 1 4 613.788 450 30 0.0091922
64 1 4 614.708 450 30 0.00980501
65 1 4 615.688 450 30 0.0104587
66 1 4 616.734 450 30 0.0111559
67 1 4 617.849 450 30 0.0118997
68 1 4 619.039 450 30 0.012693
69 1 4 620.309 450 30 0.0135392
70 1 4 621.663 450 30 0.0144418
71 1 4 623.107 450 30 0.0154046
72 1 4 624.647 450 30 0.0164315
73 1 4 626.29 450 30 0.017527
74 1 4 628.043 450 30 0.0186954
75 1 4 629.913 450 30 0.0199418
76 1 4 631.907 450 30 0.0212712
77 1 4 634.034 450 30 0.0226893
78 1 4 636.303 450 30 0.0242019
79 1 4 638.723 450 30 0.0258154
80 1 4 641.305 450 30 0.0275364
81 1 4 644.058 450 30 0.0293722
82 1 4 646.996 450 30 0.0313303
83 1 4 650.129 450 30 0.033419
84 1 4 653.47 450 30 0.035647
85 1 4 657.035 450 30 0.0380234
86 1 4 660.837 450 30 0.0405583
87 1 4 664.893 450 30 0.0432622
88 1 4 669.22 450 30 0.0461464
89 1 4 673.834 450 30 0.0492228
90 1 4 678.756 450 30 0.0525043
91 1 4 684.007 450 30 0.0560046
92 1 4 689.607 450 30 0.0597382
93 1 4 695.581 450 30 0.0637208
94 1 4 701.953 450 30 0.0666667
95 1 4 708.62 450 30 0.0666667
96 1 4 715.287 450 30 0.0666667
97 1 4 721.953 450 30 0.0666667
98 1 4 728.62 450 30 0.0666667
99 1 4 735.287 450 30 0.0666667
100 1 4 741.953 450 30 0.0666667
101 1 4 748.62 450 30 0.0666667
102 1 4 755.287 450 30 0.0666667
103 1 4 761.953 450 30 0.0666667
104 1 4 768.62 450 30 0.0666667
105 1 4 775.287 450 30 0.0666667
106 1 4 781.953 450 30 0.0666667
107 1 4 788.62 450 30 0.0666667
108 1 4 795.287 450 30 0.0666667
109 1 4 801.953 450 30 0.0666667
110 1 4 808.62 450 30 0.0666667
111 1 4 815.287 450 30 0.0666667
112 1 4 821.953 450 30 0.0666667
113 1 4 828.62 450 30 0.0666667
114 1 4 835.287 450 30 0.0666667
115 1 4 841.953 450 30 0.0666667
116 1 4 848.62 450 30 0.0666667
117 1 4 855.287 450 30 0.0666667
118 1 4 861.953 450 30 0.0666667
119 1 4 868.62 450 30 0.0666667
120 1 4 875.287 450 30 0.0666667
121 1 4 881.953 450 30 0.0666667
122 1 4 888.62 450 30 0.0666667
123 1 4 895.287 450 30 0.0666667
124 1 4 901.953 450 30 0.0666667
125 1 4 908.62 450 30 0.0666667
126 1 4 915.287 450 30 0.0666667
127 1 4 921.953 450 30 0.0666667
128 1 4 928.62 450 30 0.0666667
129 1 4 935.287 450 30 0.0666667
130 1 4 941.953 450 30 0.0666667
131 1 4 948.62 450 30 0.0666667
132 1 4 955.287 450 30 0.0666667
133 1 4 961.953 450 30 0.0666667
134 1 4 968.62 450 30 0.0666667
135 1 4 975.287 450 30 0.0666667
136 1 4 981.953 450 30 0.0666667
137 1 4 988.62 450 30 0.0666667
138 1 4 995.287 450 30 0.0666667
-1 139 1 4 11 0 0
